4096
0	253 0
1	253 0
2	253 0
3	253 0
4	253 0
5	253 0
6	253 0
7	253 0
8	253 0
9	253 0
10	253 0
11	253 0
12	253 0
13	253 0
14	253 0
15	253 0
16	253 0
17	253 0
18	253 0
19	253 0
20	253 0
21	253 0
22	253 0
23	253 0
24	253 0
25	253 0
26	253 0
27	253 0
28	253 0
29	253 0
30	253 0
31	253 0
32	253 0
33	253 0
34	253 0
35	252 0
36	248 0
37	244 0
38	244 0
39	247 0
40	245 0
41	246 0
42	247 0
43	243 0
44	240 0
45	240 0
46	242 0
47	242 0
48	242 0
49	241 0
50	239 0
51	238 0
52	234 0
53	226 0
54	222 0
55	223 0
56	226 0
57	222 0
58	220 0
59	198 0
60	186 0
61	192 0
62	193 0
63	195 0
64	253 0
65	253 0
66	253 0
67	253 0
68	253 0
69	253 0
70	253 0
71	253 0
72	253 0
73	253 0
74	253 0
75	253 0
76	253 0
77	253 0
78	253 0
79	253 0
80	253 0
81	253 0
82	253 0
83	253 0
84	253 0
85	253 0
86	253 0
87	253 0
88	253 0
89	253 0
90	253 0
91	253 0
92	253 0
93	253 0
94	253 0
95	253 0
96	253 0
97	253 0
98	253 0
99	252 0
100	249 0
101	245 0
102	246 0
103	249 0
104	246 0
105	247 0
106	246 0
107	244 0
108	242 0
109	242 0
110	242 0
111	243 0
112	242 0
113	242 0
114	239 0
115	238 0
116	233 0
117	224 0
118	224 0
119	232 0
120	230 0
121	221 0
122	213 0
123	202 0
124	191 0
125	196 0
126	200 0
127	198 0
128	253 0
129	253 0
130	253 0
131	253 0
132	253 0
133	253 0
134	253 0
135	253 0
136	253 0
137	253 0
138	253 0
139	253 0
140	253 0
141	253 0
142	253 0
143	253 0
144	253 0
145	253 0
146	253 0
147	253 0
148	253 0
149	253 0
150	253 0
151	253 0
152	253 0
153	253 0
154	253 0
155	253 0
156	253 0
157	253 0
158	253 0
159	253 0
160	253 0
161	253 0
162	253 0
163	252 0
164	249 0
165	247 0
166	250 0
167	247 0
168	246 0
169	248 0
170	245 0
171	248 0
172	246 0
173	241 0
174	239 0
175	240 0
176	241 0
177	242 0
178	242 0
179	244 0
180	235 0
181	228 0
182	231 0
183	233 0
184	228 0
185	219 0
186	212 0
187	207 0
188	201 0
189	198 0
190	199 0
191	198 0
192	253 0
193	253 0
194	253 0
195	253 0
196	253 0
197	253 0
198	253 0
199	253 0
200	253 0
201	253 0
202	253 0
203	253 0
204	253 0
205	253 0
206	253 0
207	253 0
208	253 0
209	253 0
210	253 0
211	253 0
212	253 0
213	253 0
214	253 0
215	253 0
216	253 0
217	253 0
218	253 0
219	253 0
220	253 0
221	253 0
222	253 0
223	253 0
224	253 0
225	253 0
226	252 0
227	250 0
228	248 0
229	249 0
230	251 0
231	245 0
232	246 0
233	248 0
234	244 0
235	247 0
236	251 0
237	247 0
238	249 0
239	250 0
240	246 0
241	240 0
242	232 0
243	229 0
244	225 0
245	225 0
246	232 0
247	240 0
248	240 0
249	232 0
250	226 0
251	209 0
252	196 0
253	195 0
254	193 0
255	200 0
256	253 0
257	253 0
258	253 0
259	253 0
260	253 0
261	253 0
262	253 0
263	253 0
264	253 0
265	253 0
266	253 0
267	253 0
268	253 0
269	253 0
270	252 0
271	253 0
272	253 0
273	253 0
274	253 0
275	253 0
276	253 0
277	253 0
278	253 0
279	253 0
280	253 0
281	253 0
282	253 0
283	253 0
284	253 0
285	253 0
286	253 0
287	253 0
288	253 0
289	253 0
290	250 0
291	249 0
292	247 0
293	249 0
294	250 0
295	248 0
296	247 0
297	249 0
298	254 0
299	254 0
300	243 0
301	214 0
302	185 0
303	159 0
304	131 0
305	103 0
306	97 0
307	90 0
308	93 0
309	95 0
310	102 0
311	123 0
312	146 0
313	180 0
314	214 0
315	229 0
316	211 0
317	195 0
318	194 0
319	201 0
320	253 0
321	253 0
322	253 0
323	253 0
324	253 0
325	253 0
326	253 0
327	253 0
328	253 0
329	253 0
330	253 0
331	253 0
332	253 0
333	251 0
334	253 0
335	253 0
336	253 0
337	253 0
338	253 0
339	253 0
340	253 0
341	253 0
342	253 0
343	253 0
344	253 0
345	253 0
346	253 0
347	253 0
348	253 0
349	253 0
350	253 0
351	253 0
352	253 0
353	252 0
354	252 0
355	251 0
356	250 0
357	251 0
358	250 0
359	252 0
360	255 0
361	245 0
362	210 0
363	161 0
364	122 0
365	91 0
366	69 0
367	66 0
368	63 0
369	53 0
370	58 0
371	62 0
372	62 0
373	58 0
374	57 0
375	55 0
376	56 0
377	60 0
378	78 0
379	115 0
380	187 0
381	206 0
382	200 0
383	203 0
384	253 0
385	253 0
386	253 0
387	253 0
388	253 0
389	252 0
390	253 0
391	253 0
392	254 0
393	251 0
394	252 0
395	253 0
396	252 0
397	249 0
398	253 0
399	253 0
400	253 0
401	253 0
402	253 0
403	253 0
404	253 0
405	253 0
406	253 0
407	253 0
408	253 0
409	253 0
410	253 0
411	253 0
412	253 0
413	253 0
414	253 0
415	253 0
416	253 0
417	253 0
418	253 0
419	253 0
420	252 0
421	253 0
422	255 0
423	246 0
424	199 0
425	146 0
426	103 0
427	86 0
428	82 0
429	79 0
430	80 0
431	84 0
432	88 0
433	88 0
434	86 0
435	83 0
436	79 0
437	81 0
438	80 0
439	76 0
440	75 0
441	69 0
442	61 0
443	42 0
444	143 0
445	216 0
446	204 0
447	205 0
448	253 0
449	253 0
450	253 0
451	253 0
452	253 0
453	253 0
454	253 0
455	250 0
456	245 0
457	242 0
458	245 0
459	253 0
460	252 0
461	251 0
462	253 0
463	253 0
464	253 0
465	253 0
466	253 0
467	253 0
468	253 0
469	253 0
470	253 0
471	253 0
472	253 0
473	253 0
474	253 0
475	253 0
476	253 0
477	253 0
478	253 0
479	253 0
480	253 0
481	253 0
482	252 0
483	252 0
484	255 0
485	252 0
486	201 0
487	140 0
488	122 0
489	117 0
490	107 0
491	111 0
492	115 0
493	108 0
494	99 0
495	96 0
496	86 0
497	81 0
498	76 0
499	72 0
500	73 0
501	75 0
502	79 0
503	81 0
504	84 0
505	87 0
506	85 0
507	70 0
508	150 0
509	215 0
510	205 0
511	207 0
512	253 0
513	253 0
514	253 0
515	253 0
516	253 0
517	252 0
518	247 0
519	247 0
520	240 0
521	248 0
522	249 0
523	251 0
524	252 0
525	253 0
526	253 0
527	253 0
528	253 0
529	253 0
530	253 0
531	253 0
532	253 0
533	253 0
534	253 0
535	253 0
536	253 0
537	253 0
538	253 0
539	253 0
540	253 0
541	253 0
542	253 0
543	253 0
544	253 0
545	252 0
546	254 0
547	255 0
548	225 0
549	167 0
550	122 0
551	129 0
552	141 0
553	135 0
554	131 0
555	116 0
556	95 0
557	80 0
558	74 0
559	65 0
560	62 0
561	64 0
562	65 0
563	66 0
564	66 0
565	62 0
566	63 0
567	62 0
568	64 0
569	66 0
570	71 0
571	69 0
572	157 0
573	218 0
574	206 0
575	208 0
576	253 0
577	253 0
578	253 0
579	253 0
580	253 0
581	253 0
582	252 0
583	249 0
584	248 0
585	253 0
586	252 0
587	253 0
588	253 0
589	253 0
590	253 0
591	253 0
592	253 0
593	253 0
594	253 0
595	253 0
596	253 0
597	253 0
598	253 0
599	253 0
600	253 0
601	253 0
602	253 0
603	253 0
604	253 0
605	253 0
606	253 0
607	253 0
608	252 0
609	255 0
610	248 0
611	196 0
612	147 0
613	146 0
614	156 0
615	152 0
616	131 0
617	103 0
618	93 0
619	83 0
620	83 0
621	86 0
622	95 0
623	98 0
624	96 0
625	97 0
626	95 0
627	91 0
628	92 0
629	90 0
630	88 0
631	87 0
632	85 0
633	83 0
634	76 0
635	55 0
636	159 0
637	229 0
638	206 0
639	209 0
640	253 0
641	253 0
642	253 0
643	253 0
644	253 0
645	253 0
646	253 0
647	253 0
648	254 0
649	253 0
650	253 0
651	253 0
652	253 0
653	253 0
654	253 0
655	253 0
656	253 0
657	253 0
658	253 0
659	253 0
660	253 0
661	253 0
662	253 0
663	253 0
664	253 0
665	253 0
666	253 0
667	253 0
668	253 0
669	253 0
670	252 0
671	252 0
672	255 0
673	228 0
674	163 0
675	151 0
676	160 0
677	161 0
678	135 0
679	111 0
680	105 0
681	111 0
682	115 0
683	114 0
684	106 0
685	104 0
686	95 0
687	89 0
688	77 0
689	70 0
690	73 0
691	75 0
692	71 0
693	69 0
694	72 0
695	77 0
696	83 0
697	89 0
698	92 0
699	80 0
700	172 0
701	238 0
702	210 0
703	212 0
704	253 0
705	253 0
706	253 0
707	253 0
708	253 0
709	253 0
710	253 0
711	253 0
712	253 0
713	253 0
714	253 0
715	253 0
716	253 0
717	253 0
718	253 0
719	253 0
720	253 0
721	253 0
722	253 0
723	253 0
724	253 0
725	253 0
726	253 0
727	253 0
728	253 0
729	253 0
730	253 0
731	253 0
732	253 0
733	252 0
734	254 0
735	255 0
736	203 0
737	143 0
738	149 0
739	159 0
740	146 0
741	123 0
742	121 0
743	131 0
744	138 0
745	133 0
746	108 0
747	93 0
748	79 0
749	74 0
750	68 0
751	71 0
752	72 0
753	72 0
754	77 0
755	80 0
756	80 0
757	76 0
758	75 0
759	75 0
760	74 0
761	68 0
762	68 0
763	58 0
764	167 0
765	242 0
766	214 0
767	217 0
768	253 0
769	253 0
770	253 0
771	253 0
772	253 0
773	253 0
774	253 0
775	253 0
776	253 0
777	253 0
778	252 0
779	252 0
780	253 0
781	253 0
782	253 0
783	253 0
784	253 0
785	253 0
786	253 0
787	253 0
788	253 0
789	253 0
790	253 0
791	253 0
792	253 0
793	253 0
794	253 0
795	253 0
796	252 0
797	255 0
798	248 0
799	179 0
800	142 0
801	161 0
802	153 0
803	123 0
804	125 0
805	143 0
806	143 0
807	130 0
808	112 0
809	104 0
810	92 0
811	98 0
812	102 0
813	98 0
814	104 0
815	105 0
816	97 0
817	98 0
818	93 0
819	89 0
820	89 0
821	89 0
822	93 0
823	94 0
824	96 0
825	96 0
826	92 0
827	71 0
828	167 0
829	254 0
830	222 0
831	217 0
832	253 0
833	253 0
834	253 0
835	253 0
836	253 0
837	253 0
838	253 0
839	253 0
840	253 0
841	253 0
842	252 0
843	252 0
844	253 0
845	253 0
846	252 0
847	252 0
848	253 0
849	253 0
850	253 0
851	253 0
852	253 0
853	253 0
854	253 0
855	253 0
856	253 0
857	253 0
858	253 0
859	252 0
860	255 0
861	240 0
862	153 0
863	131 0
864	162 0
865	140 0
866	123 0
867	145 0
868	149 0
869	137 0
870	115 0
871	111 0
872	122 0
873	132 0
874	121 0
875	113 0
876	103 0
877	96 0
878	88 0
879	79 0
880	74 0
881	72 0
882	67 0
883	74 0
884	70 0
885	71 0
886	72 0
887	72 0
888	73 0
889	74 0
890	82 0
891	86 0
892	107 0
893	154 0
894	194 0
895	223 0
896	253 0
897	253 0
898	253 0
899	253 0
900	253 0
901	253 0
902	253 0
903	253 0
904	253 0
905	253 0
906	253 0
907	253 0
908	253 0
909	253 0
910	253 0
911	253 0
912	253 0
913	253 0
914	253 0
915	253 0
916	253 0
917	253 0
918	253 0
919	253 0
920	253 0
921	253 0
922	252 0
923	254 0
924	233 0
925	155 0
926	140 0
927	149 0
928	131 0
929	129 0
930	146 0
931	138 0
932	128 0
933	126 0
934	131 0
935	129 0
936	124 0
937	104 0
938	91 0
939	81 0
940	88 0
941	87 0
942	87 0
943	89 0
944	100 0
945	96 0
946	96 0
947	101 0
948	95 0
949	87 0
950	92 0
951	92 0
952	87 0
953	82 0
954	79 0
955	75 0
956	71 0
957	64 0
958	72 0
959	105 0
960	253 0
961	253 0
962	253 0
963	253 0
964	253 0
965	253 0
966	253 0
967	253 0
968	253 0
969	253 0
970	253 0
971	253 0
972	253 0
973	253 0
974	253 0
975	253 0
976	253 0
977	253 0
978	253 0
979	253 0
980	253 0
981	253 0
982	253 0
983	253 0
984	253 0
985	253 0
986	251 0
987	255 0
988	189 0
989	145 0
990	145 0
991	133 0
992	151 0
993	149 0
994	129 0
995	136 0
996	138 0
997	129 0
998	115 0
999	101 0
1000	85 0
1001	94 0
1002	114 0
1003	117 0
1004	119 0
1005	118 0
1006	113 0
1007	106 0
1008	105 0
1009	97 0
1010	94 0
1011	92 0
1012	88 0
1013	88 0
1014	89 0
1015	93 0
1016	94 0
1017	96 0
1018	97 0
1019	95 0
1020	94 0
1021	88 0
1022	78 0
1023	69 0
1024	253 0
1025	253 0
1026	253 0
1027	253 0
1028	253 0
1029	253 0
1030	253 0
1031	253 0
1032	253 0
1033	253 0
1034	253 0
1035	253 0
1036	253 0
1037	253 0
1038	253 0
1039	253 0
1040	253 0
1041	253 0
1042	253 0
1043	253 0
1044	253 0
1045	252 0
1046	252 0
1047	253 0
1048	253 0
1049	253 0
1050	251 0
1051	255 0
1052	194 0
1053	137 0
1054	139 0
1055	146 0
1056	141 0
1057	137 0
1058	141 0
1059	135 0
1060	120 0
1061	106 0
1062	96 0
1063	117 0
1064	126 0
1065	130 0
1066	124 0
1067	109 0
1068	100 0
1069	89 0
1070	84 0
1071	85 0
1072	80 0
1073	83 0
1074	83 0
1075	84 0
1076	82 0
1077	81 0
1078	81 0
1079	74 0
1080	72 0
1081	71 0
1082	72 0
1083	76 0
1084	82 0
1085	90 0
1086	93 0
1087	93 0
1088	253 0
1089	253 0
1090	253 0
1091	253 0
1092	253 0
1093	253 0
1094	253 0
1095	253 0
1096	253 0
1097	253 0
1098	253 0
1099	253 0
1100	253 0
1101	253 0
1102	253 0
1103	253 0
1104	253 0
1105	253 0
1106	253 0
1107	253 0
1108	253 0
1109	255 0
1110	255 0
1111	254 0
1112	252 0
1113	252 0
1114	251 0
1115	255 0
1116	190 0
1117	143 0
1118	138 0
1119	128 0
1120	140 0
1121	137 0
1122	116 0
1123	120 0
1124	134 0
1125	135 0
1126	129 0
1127	121 0
1128	107 0
1129	101 0
1130	101 0
1131	100 0
1132	102 0
1133	118 0
1134	121 0
1135	119 0
1136	118 0
1137	114 0
1138	117 0
1139	113 0
1140	111 0
1141	111 0
1142	110 0
1143	117 0
1144	115 0
1145	111 0
1146	103 0
1147	98 0
1148	91 0
1149	80 0
1150	73 0
1151	75 0
1152	253 0
1153	253 0
1154	253 0
1155	253 0
1156	253 0
1157	253 0
1158	253 0
1159	253 0
1160	253 0
1161	253 0
1162	253 0
1163	253 0
1164	253 0
1165	253 0
1166	253 0
1167	253 0
1168	253 0
1169	252 0
1170	252 0
1171	252 0
1172	254 0
1173	230 0
1174	227 0
1175	250 0
1176	255 0
1177	255 0
1178	250 0
1179	255 0
1180	192 0
1181	134 0
1182	139 0
1183	133 0
1184	127 0
1185	129 0
1186	137 0
1187	145 0
1188	135 0
1189	117 0
1190	106 0
1191	101 0
1192	105 0
1193	117 0
1194	125 0
1195	120 0
1196	127 0
1197	101 0
1198	90 0
1199	107 0
1200	107 0
1201	93 0
1202	113 0
1203	127 0
1204	117 0
1205	107 0
1206	97 0
1207	151 0
1208	167 0
1209	156 0
1210	154 0
1211	117 0
1212	98 0
1213	111 0
1214	109 0
1215	105 0
1216	253 0
1217	253 0
1218	253 0
1219	253 0
1220	253 0
1221	253 0
1222	253 0
1223	253 0
1224	253 0
1225	253 0
1226	253 0
1227	253 0
1228	253 0
1229	252 0
1230	252 0
1231	252 0
1232	252 0
1233	255 0
1234	255 0
1235	255 0
1236	253 0
1237	219 0
1238	159 0
1239	174 0
1240	199 0
1241	234 0
1242	255 0
1243	255 0
1244	190 0
1245	135 0
1246	133 0
1247	125 0
1248	143 0
1249	142 0
1250	120 0
1251	111 0
1252	113 0
1253	120 0
1254	128 0
1255	124 0
1256	119 0
1257	116 0
1258	102 0
1259	91 0
1260	100 0
1261	128 0
1262	143 0
1263	167 0
1264	172 0
1265	166 0
1266	168 0
1267	159 0
1268	153 0
1269	145 0
1270	139 0
1271	199 0
1272	222 0
1273	213 0
1274	218 0
1275	154 0
1276	105 0
1277	110 0
1278	101 0
1279	93 0
1280	253 0
1281	253 0
1282	253 0
1283	253 0
1284	253 0
1285	253 0
1286	253 0
1287	253 0
1288	253 0
1289	253 0
1290	253 0
1291	253 0
1292	254 0
1293	255 0
1294	255 0
1295	255 0
1296	255 0
1297	233 0
1298	220 0
1299	242 0
1300	248 0
1301	225 0
1302	164 0
1303	165 0
1304	160 0
1305	165 0
1306	211 0
1307	247 0
1308	172 0
1309	123 0
1310	135 0
1311	130 0
1312	132 0
1313	122 0
1314	116 0
1315	126 0
1316	134 0
1317	123 0
1318	110 0
1319	100 0
1320	96 0
1321	102 0
1322	107 0
1323	105 0
1324	118 0
1325	134 0
1326	153 0
1327	169 0
1328	175 0
1329	129 0
1330	129 0
1331	122 0
1332	134 0
1333	133 0
1334	120 0
1335	192 0
1336	213 0
1337	206 0
1338	216 0
1339	160 0
1340	126 0
1341	151 0
1342	139 0
1343	134 0
1344	253 0
1345	252 0
1346	252 0
1347	252 0
1348	252 0
1349	252 0
1350	252 0
1351	252 0
1352	252 0
1353	251 0
1354	254 0
1355	220 0
1356	191 0
1357	203 0
1358	209 0
1359	220 0
1360	233 0
1361	207 0
1362	184 0
1363	228 0
1364	253 0
1365	218 0
1366	165 0
1367	170 0
1368	166 0
1369	164 0
1370	168 0
1371	198 0
1372	137 0
1373	137 0
1374	128 0
1375	108 0
1376	122 0
1377	121 0
1378	118 0
1379	111 0
1380	115 0
1381	112 0
1382	116 0
1383	122 0
1384	124 0
1385	121 0
1386	122 0
1387	109 0
1388	112 0
1389	143 0
1390	159 0
1391	166 0
1392	172 0
1393	143 0
1394	142 0
1395	153 0
1396	152 0
1397	150 0
1398	145 0
1399	194 0
1400	216 0
1401	208 0
1402	218 0
1403	158 0
1404	112 0
1405	136 0
1406	135 0
1407	125 0
1408	254 0
1409	255 0
1410	255 0
1411	255 0
1412	255 0
1413	255 0
1414	255 0
1415	255 0
1416	255 0
1417	255 0
1418	255 0
1419	219 0
1420	181 0
1421	190 0
1422	165 0
1423	95 0
1424	156 0
1425	206 0
1426	218 0
1427	254 0
1428	197 0
1429	123 0
1430	170 0
1431	165 0
1432	155 0
1433	142 0
1434	141 0
1435	164 0
1436	132 0
1437	115 0
1438	111 0
1439	109 0
1440	151 0
1441	179 0
1442	136 0
1443	118 0
1444	129 0
1445	124 0
1446	118 0
1447	104 0
1448	100 0
1449	95 0
1450	90 0
1451	86 0
1452	96 0
1453	167 0
1454	172 0
1455	173 0
1456	164 0
1457	148 0
1458	150 0
1459	158 0
1460	153 0
1461	144 0
1462	133 0
1463	195 0
1464	215 0
1465	209 0
1466	218 0
1467	164 0
1468	121 0
1469	130 0
1470	132 0
1471	136 0
1472	212 0
1473	200 0
1474	210 0
1475	206 0
1476	203 0
1477	201 0
1478	200 0
1479	201 0
1480	203 0
1481	206 0
1482	214 0
1483	199 0
1484	182 0
1485	185 0
1486	181 0
1487	159 0
1488	175 0
1489	201 0
1490	243 0
1491	213 0
1492	90 0
1493	121 0
1494	175 0
1495	162 0
1496	160 0
1497	143 0
1498	91 0
1499	105 0
1500	122 0
1501	109 0
1502	136 0
1503	164 0
1504	195 0
1505	195 0
1506	143 0
1507	95 0
1508	100 0
1509	100 0
1510	97 0
1511	97 0
1512	104 0
1513	111 0
1514	118 0
1515	110 0
1516	119 0
1517	166 0
1518	179 0
1519	183 0
1520	184 0
1521	153 0
1522	144 0
1523	146 0
1524	155 0
1525	139 0
1526	137 0
1527	199 0
1528	212 0
1529	208 0
1530	216 0
1531	168 0
1532	126 0
1533	134 0
1534	137 0
1535	142 0
1536	200 0
1537	164 0
1538	172 0
1539	180 0
1540	177 0
1541	178 0
1542	176 0
1543	177 0
1544	179 0
1545	175 0
1546	176 0
1547	180 0
1548	184 0
1549	183 0
1550	184 0
1551	187 0
1552	205 0
1553	225 0
1554	216 0
1555	102 0
1556	158 0
1557	215 0
1558	158 0
1559	161 0
1560	158 0
1561	151 0
1562	102 0
1563	95 0
1564	123 0
1565	147 0
1566	148 0
1567	159 0
1568	191 0
1569	202 0
1570	127 0
1571	98 0
1572	118 0
1573	124 0
1574	122 0
1575	118 0
1576	112 0
1577	109 0
1578	106 0
1579	92 0
1580	104 0
1581	169 0
1582	193 0
1583	188 0
1584	170 0
1585	150 0
1586	138 0
1587	143 0
1588	147 0
1589	146 0
1590	145 0
1591	210 0
1592	223 0
1593	216 0
1594	225 0
1595	173 0
1596	127 0
1597	130 0
1598	140 0
1599	147 0
1600	204 0
1601	148 0
1602	101 0
1603	119 0
1604	130 0
1605	116 0
1606	114 0
1607	114 0
1608	118 0
1609	143 0
1610	149 0
1611	143 0
1612	150 0
1613	158 0
1614	161 0
1615	159 0
1616	158 0
1617	160 0
1618	107 0
1619	169 0
1620	255 0
1621	226 0
1622	153 0
1623	158 0
1624	117 0
1625	102 0
1626	63 0
1627	111 0
1628	128 0
1629	118 0
1630	145 0
1631	149 0
1632	185 0
1633	201 0
1634	130 0
1635	106 0
1636	107 0
1637	100 0
1638	90 0
1639	85 0
1640	86 0
1641	87 0
1642	93 0
1643	90 0
1644	111 0
1645	153 0
1646	174 0
1647	184 0
1648	151 0
1649	143 0
1650	130 0
1651	141 0
1652	142 0
1653	150 0
1654	146 0
1655	174 0
1656	189 0
1657	191 0
1658	203 0
1659	166 0
1660	134 0
1661	152 0
1662	154 0
1663	151 0
1664	191 0
1665	153 0
1666	120 0
1667	130 0
1668	143 0
1669	134 0
1670	134 0
1671	128 0
1672	118 0
1673	144 0
1674	146 0
1675	137 0
1676	130 0
1677	137 0
1678	141 0
1679	136 0
1680	108 0
1681	114 0
1682	170 0
1683	255 0
1684	219 0
1685	166 0
1686	159 0
1687	150 0
1688	90 0
1689	25 0
1690	33 0
1691	96 0
1692	105 0
1693	102 0
1694	110 0
1695	151 0
1696	195 0
1697	207 0
1698	131 0
1699	88 0
1700	101 0
1701	104 0
1702	103 0
1703	101 0
1704	107 0
1705	108 0
1706	107 0
1707	102 0
1708	102 0
1709	88 0
1710	108 0
1711	113 0
1712	123 0
1713	122 0
1714	99 0
1715	120 0
1716	121 0
1717	135 0
1718	104 0
1719	76 0
1720	81 0
1721	83 0
1722	84 0
1723	91 0
1724	95 0
1725	102 0
1726	109 0
1727	110 0
1728	182 0
1729	168 0
1730	176 0
1731	180 0
1732	187 0
1733	188 0
1734	186 0
1735	186 0
1736	186 0
1737	178 0
1738	177 0
1739	178 0
1740	177 0
1741	165 0
1742	167 0
1743	168 0
1744	186 0
1745	204 0
1746	244 0
1747	182 0
1748	80 0
1749	111 0
1750	163 0
1751	138 0
1752	74 0
1753	42 0
1754	41 0
1755	98 0
1756	113 0
1757	65 0
1758	62 0
1759	98 0
1760	167 0
1761	158 0
1762	117 0
1763	103 0
1764	104 0
1765	100 0
1766	93 0
1767	89 0
1768	84 0
1769	77 0
1770	71 0
1771	70 0
1772	73 0
1773	76 0
1774	98 0
1775	116 0
1776	111 0
1777	116 0
1778	114 0
1779	120 0
1780	127 0
1781	116 0
1782	95 0
1783	98 0
1784	94 0
1785	101 0
1786	103 0
1787	98 0
1788	86 0
1789	81 0
1790	83 0
1791	83 0
1792	182 0
1793	144 0
1794	104 0
1795	97 0
1796	117 0
1797	117 0
1798	131 0
1799	141 0
1800	134 0
1801	146 0
1802	153 0
1803	149 0
1804	154 0
1805	151 0
1806	144 0
1807	140 0
1808	163 0
1809	145 0
1810	128 0
1811	92 0
1812	129 0
1813	180 0
1814	155 0
1815	138 0
1816	77 0
1817	43 0
1818	47 0
1819	79 0
1820	84 0
1821	77 0
1822	77 0
1823	71 0
1824	74 0
1825	75 0
1826	82 0
1827	86 0
1828	89 0
1829	86 0
1830	85 0
1831	86 0
1832	109 0
1833	128 0
1834	135 0
1835	145 0
1836	152 0
1837	159 0
1838	169 0
1839	173 0
1840	114 0
1841	108 0
1842	112 0
1843	121 0
1844	121 0
1845	131 0
1846	118 0
1847	142 0
1848	153 0
1849	126 0
1850	114 0
1851	123 0
1852	109 0
1853	91 0
1854	96 0
1855	95 0
1856	182 0
1857	140 0
1858	98 0
1859	92 0
1860	91 0
1861	98 0
1862	118 0
1863	124 0
1864	103 0
1865	118 0
1866	69 0
1867	82 0
1868	98 0
1869	74 0
1870	54 0
1871	52 0
1872	66 0
1873	59 0
1874	78 0
1875	130 0
1876	244 0
1877	220 0
1878	143 0
1879	121 0
1880	65 0
1881	48 0
1882	51 0
1883	61 0
1884	54 0
1885	75 0
1886	81 0
1887	79 0
1888	100 0
1889	115 0
1890	112 0
1891	106 0
1892	110 0
1893	104 0
1894	86 0
1895	120 0
1896	142 0
1897	111 0
1898	101 0
1899	93 0
1900	85 0
1901	77 0
1902	61 0
1903	104 0
1904	93 0
1905	72 0
1906	103 0
1907	93 0
1908	114 0
1909	107 0
1910	89 0
1911	179 0
1912	208 0
1913	160 0
1914	144 0
1915	164 0
1916	102 0
1917	81 0
1918	87 0
1919	87 0
1920	170 0
1921	159 0
1922	171 0
1923	168 0
1924	171 0
1925	183 0
1926	173 0
1927	158 0
1928	178 0
1929	120 0
1930	29 0
1931	74 0
1932	55 0
1933	36 0
1934	136 0
1935	151 0
1936	107 0
1937	101 0
1938	116 0
1939	104 0
1940	224 0
1941	202 0
1942	148 0
1943	129 0
1944	65 0
1945	52 0
1946	53 0
1947	73 0
1948	64 0
1949	81 0
1950	91 0
1951	81 0
1952	162 0
1953	131 0
1954	102 0
1955	102 0
1956	125 0
1957	101 0
1958	68 0
1959	113 0
1960	62 0
1961	0 0
1962	0 0
1963	0 0
1964	3 0
1965	5 0
1966	0 0
1967	68 0
1968	100 0
1969	81 0
1970	101 0
1971	120 0
1972	124 0
1973	73 0
1974	49 0
1975	190 0
1976	222 0
1977	173 0
1978	156 0
1979	178 0
1980	108 0
1981	83 0
1982	87 0
1983	86 0
1984	170 0
1985	127 0
1986	84 0
1987	99 0
1988	123 0
1989	103 0
1990	119 0
1991	131 0
1992	127 0
1993	85 0
1994	25 0
1995	29 0
1996	31 0
1997	25 0
1998	110 0
1999	147 0
2000	93 0
2001	87 0
2002	97 0
2003	78 0
2004	112 0
2005	121 0
2006	151 0
2007	128 0
2008	63 0
2009	45 0
2010	43 0
2011	83 0
2012	60 0
2013	70 0
2014	107 0
2015	92 0
2016	191 0
2017	140 0
2018	123 0
2019	147 0
2020	124 0
2021	104 0
2022	81 0
2023	115 0
2024	94 0
2025	30 0
2026	14 0
2027	14 0
2028	17 0
2029	26 0
2030	9 0
2031	72 0
2032	102 0
2033	98 0
2034	138 0
2035	125 0
2036	79 0
2037	45 0
2038	55 0
2039	188 0
2040	220 0
2041	152 0
2042	128 0
2043	149 0
2044	111 0
2045	86 0
2046	91 0
2047	93 0
2048	170 0
2049	102 0
2050	16 0
2051	48 0
2052	90 0
2053	18 0
2054	57 0
2055	88 0
2056	61 0
2057	55 0
2058	24 0
2059	19 0
2060	32 0
2061	35 0
2062	38 0
2063	77 0
2064	76 0
2065	75 0
2066	82 0
2067	74 0
2068	97 0
2069	113 0
2070	155 0
2071	141 0
2072	79 0
2073	48 0
2074	54 0
2075	103 0
2076	86 0
2077	90 0
2078	102 0
2079	98 0
2080	182 0
2081	149 0
2082	151 0
2083	197 0
2084	172 0
2085	101 0
2086	66 0
2087	107 0
2088	104 0
2089	31 0
2090	18 0
2091	32 0
2092	40 0
2093	46 0
2094	20 0
2095	83 0
2096	92 0
2097	84 0
2098	102 0
2099	64 0
2100	61 0
2101	28 0
2102	40 0
2103	190 0
2104	216 0
2105	181 0
2106	197 0
2107	193 0
2108	105 0
2109	84 0
2110	89 0
2111	88 0
2112	120 0
2113	98 0
2114	67 0
2115	73 0
2116	91 0
2117	58 0
2118	72 0
2119	86 0
2120	48 0
2121	78 0
2122	73 0
2123	36 0
2124	76 0
2125	70 0
2126	42 0
2127	85 0
2128	96 0
2129	92 0
2130	82 0
2131	89 0
2132	136 0
2133	135 0
2134	90 0
2135	101 0
2136	109 0
2137	88 0
2138	85 0
2139	121 0
2140	103 0
2141	103 0
2142	124 0
2143	155 0
2144	183 0
2145	162 0
2146	184 0
2147	183 0
2148	125 0
2149	113 0
2150	71 0
2151	110 0
2152	103 0
2153	36 0
2154	10 0
2155	143 0
2156	88 0
2157	45 0
2158	31 0
2159	59 0
2160	77 0
2161	94 0
2162	115 0
2163	84 0
2164	72 0
2165	29 0
2166	38 0
2167	183 0
2168	217 0
2169	166 0
2170	181 0
2171	184 0
2172	109 0
2173	88 0
2174	95 0
2175	91 0
2176	109 0
2177	117 0
2178	121 0
2179	115 0
2180	117 0
2181	118 0
2182	113 0
2183	109 0
2184	112 0
2185	102 0
2186	93 0
2187	93 0
2188	91 0
2189	91 0
2190	86 0
2191	48 0
2192	72 0
2193	45 0
2194	57 0
2195	66 0
2196	62 0
2197	76 0
2198	68 0
2199	76 0
2200	85 0
2201	73 0
2202	69 0
2203	76 0
2204	81 0
2205	98 0
2206	130 0
2207	144 0
2208	182 0
2209	166 0
2210	196 0
2211	167 0
2212	93 0
2213	123 0
2214	70 0
2215	112 0
2216	100 0
2217	38 0
2218	12 0
2219	111 0
2220	62 0
2221	16 0
2222	23 0
2223	61 0
2224	78 0
2225	90 0
2226	117 0
2227	66 0
2228	68 0
2229	52 0
2230	52 0
2231	182 0
2232	221 0
2233	166 0
2234	176 0
2235	181 0
2236	109 0
2237	83 0
2238	88 0
2239	96 0
2240	117 0
2241	121 0
2242	116 0
2243	112 0
2244	120 0
2245	123 0
2246	123 0
2247	121 0
2248	116 0
2249	113 0
2250	113 0
2251	114 0
2252	114 0
2253	112 0
2254	103 0
2255	44 0
2256	90 0
2257	57 0
2258	93 0
2259	128 0
2260	126 0
2261	136 0
2262	152 0
2263	148 0
2264	132 0
2265	112 0
2266	102 0
2267	93 0
2268	91 0
2269	99 0
2270	123 0
2271	126 0
2272	180 0
2273	149 0
2274	162 0
2275	188 0
2276	162 0
2277	102 0
2278	60 0
2279	105 0
2280	88 0
2281	25 0
2282	23 0
2283	38 0
2284	31 0
2285	12 0
2286	17 0
2287	87 0
2288	85 0
2289	79 0
2290	111 0
2291	73 0
2292	69 0
2293	42 0
2294	54 0
2295	184 0
2296	223 0
2297	158 0
2298	150 0
2299	160 0
2300	112 0
2301	92 0
2302	100 0
2303	99 0
2304	120 0
2305	129 0
2306	135 0
2307	130 0
2308	129 0
2309	130 0
2310	130 0
2311	131 0
2312	130 0
2313	132 0
2314	132 0
2315	131 0
2316	131 0
2317	130 0
2318	131 0
2319	126 0
2320	122 0
2321	120 0
2322	115 0
2323	120 0
2324	124 0
2325	126 0
2326	130 0
2327	137 0
2328	142 0
2329	152 0
2330	154 0
2331	151 0
2332	148 0
2333	146 0
2334	149 0
2335	141 0
2336	165 0
2337	156 0
2338	156 0
2339	156 0
2340	149 0
2341	146 0
2342	134 0
2343	146 0
2344	125 0
2345	100 0
2346	116 0
2347	68 0
2348	105 0
2349	101 0
2350	95 0
2351	109 0
2352	129 0
2353	133 0
2354	145 0
2355	137 0
2356	145 0
2357	131 0
2358	136 0
2359	176 0
2360	198 0
2361	180 0
2362	171 0
2363	180 0
2364	186 0
2365	183 0
2366	182 0
2367	163 0
2368	108 0
2369	111 0
2370	117 0
2371	119 0
2372	121 0
2373	119 0
2374	120 0
2375	121 0
2376	120 0
2377	117 0
2378	121 0
2379	122 0
2380	125 0
2381	121 0
2382	117 0
2383	122 0
2384	120 0
2385	121 0
2386	127 0
2387	127 0
2388	129 0
2389	122 0
2390	118 0
2391	122 0
2392	117 0
2393	113 0
2394	115 0
2395	120 0
2396	124 0
2397	132 0
2398	139 0
2399	143 0
2400	156 0
2401	165 0
2402	168 0
2403	167 0
2404	168 0
2405	180 0
2406	180 0
2407	182 0
2408	183 0
2409	191 0
2410	194 0
2411	162 0
2412	191 0
2413	244 0
2414	238 0
2415	236 0
2416	240 0
2417	213 0
2418	210 0
2419	216 0
2420	233 0
2421	241 0
2422	235 0
2423	212 0
2424	222 0
2425	240 0
2426	210 0
2427	195 0
2428	204 0
2429	200 0
2430	196 0
2431	202 0
2432	105 0
2433	107 0
2434	108 0
2435	109 0
2436	112 0
2437	116 0
2438	115 0
2439	116 0
2440	115 0
2441	116 0
2442	118 0
2443	121 0
2444	127 0
2445	130 0
2446	123 0
2447	124 0
2448	126 0
2449	119 0
2450	121 0
2451	123 0
2452	123 0
2453	115 0
2454	118 0
2455	120 0
2456	116 0
2457	116 0
2458	116 0
2459	115 0
2460	110 0
2461	106 0
2462	106 0
2463	104 0
2464	113 0
2465	125 0
2466	136 0
2467	150 0
2468	153 0
2469	160 0
2470	179 0
2471	178 0
2472	166 0
2473	179 0
2474	177 0
2475	178 0
2476	183 0
2477	199 0
2478	201 0
2479	203 0
2480	201 0
2481	183 0
2482	174 0
2483	181 0
2484	194 0
2485	190 0
2486	186 0
2487	172 0
2488	183 0
2489	190 0
2490	182 0
2491	181 0
2492	180 0
2493	169 0
2494	162 0
2495	159 0
2496	105 0
2497	108 0
2498	107 0
2499	99 0
2500	103 0
2501	110 0
2502	108 0
2503	109 0
2504	108 0
2505	106 0
2506	107 0
2507	112 0
2508	109 0
2509	118 0
2510	116 0
2511	113 0
2512	114 0
2513	116 0
2514	115 0
2515	115 0
2516	119 0
2517	122 0
2518	119 0
2519	118 0
2520	121 0
2521	120 0
2522	117 0
2523	119 0
2524	119 0
2525	117 0
2526	116 0
2527	117 0
2528	117 0
2529	116 0
2530	120 0
2531	116 0
2532	108 0
2533	118 0
2534	132 0
2535	133 0
2536	126 0
2537	128 0
2538	131 0
2539	135 0
2540	135 0
2541	136 0
2542	141 0
2543	143 0
2544	143 0
2545	137 0
2546	118 0
2547	119 0
2548	137 0
2549	142 0
2550	146 0
2551	135 0
2552	139 0
2553	145 0
2554	137 0
2555	136 0
2556	137 0
2557	137 0
2558	139 0
2559	135 0
2560	100 0
2561	105 0
2562	107 0
2563	98 0
2564	102 0
2565	117 0
2566	114 0
2567	109 0
2568	109 0
2569	112 0
2570	108 0
2571	113 0
2572	117 0
2573	118 0
2574	114 0
2575	118 0
2576	115 0
2577	118 0
2578	124 0
2579	120 0
2580	121 0
2581	121 0
2582	120 0
2583	116 0
2584	116 0
2585	117 0
2586	121 0
2587	128 0
2588	126 0
2589	119 0
2590	118 0
2591	118 0
2592	119 0
2593	120 0
2594	119 0
2595	118 0
2596	120 0
2597	123 0
2598	122 0
2599	122 0
2600	119 0
2601	119 0
2602	122 0
2603	123 0
2604	121 0
2605	124 0
2606	123 0
2607	125 0
2608	125 0
2609	128 0
2610	124 0
2611	128 0
2612	134 0
2613	134 0
2614	136 0
2615	142 0
2616	141 0
2617	145 0
2618	143 0
2619	139 0
2620	136 0
2621	135 0
2622	137 0
2623	130 0
2624	99 0
2625	101 0
2626	99 0
2627	104 0
2628	111 0
2629	106 0
2630	102 0
2631	108 0
2632	110 0
2633	114 0
2634	107 0
2635	105 0
2636	117 0
2637	120 0
2638	106 0
2639	106 0
2640	124 0
2641	120 0
2642	113 0
2643	119 0
2644	121 0
2645	126 0
2646	127 0
2647	118 0
2648	118 0
2649	117 0
2650	118 0
2651	127 0
2652	123 0
2653	116 0
2654	115 0
2655	113 0
2656	114 0
2657	114 0
2658	115 0
2659	117 0
2660	120 0
2661	119 0
2662	119 0
2663	119 0
2664	121 0
2665	121 0
2666	127 0
2667	128 0
2668	127 0
2669	127 0
2670	128 0
2671	128 0
2672	129 0
2673	131 0
2674	133 0
2675	135 0
2676	132 0
2677	134 0
2678	135 0
2679	135 0
2680	136 0
2681	139 0
2682	140 0
2683	136 0
2684	130 0
2685	125 0
2686	127 0
2687	126 0
2688	104 0
2689	94 0
2690	104 0
2691	107 0
2692	110 0
2693	98 0
2694	102 0
2695	109 0
2696	117 0
2697	113 0
2698	109 0
2699	105 0
2700	106 0
2701	116 0
2702	108 0
2703	107 0
2704	108 0
2705	120 0
2706	117 0
2707	117 0
2708	118 0
2709	118 0
2710	120 0
2711	120 0
2712	125 0
2713	124 0
2714	122 0
2715	121 0
2716	117 0
2717	116 0
2718	113 0
2719	109 0
2720	115 0
2721	117 0
2722	115 0
2723	114 0
2724	116 0
2725	115 0
2726	118 0
2727	118 0
2728	118 0
2729	120 0
2730	123 0
2731	121 0
2732	123 0
2733	122 0
2734	121 0
2735	123 0
2736	123 0
2737	124 0
2738	124 0
2739	124 0
2740	127 0
2741	131 0
2742	134 0
2743	136 0
2744	137 0
2745	136 0
2746	134 0
2747	132 0
2748	130 0
2749	126 0
2750	126 0
2751	124 0
2752	93 0
2753	100 0
2754	107 0
2755	111 0
2756	105 0
2757	100 0
2758	109 0
2759	108 0
2760	114 0
2761	107 0
2762	109 0
2763	110 0
2764	102 0
2765	111 0
2766	107 0
2767	106 0
2768	105 0
2769	116 0
2770	123 0
2771	113 0
2772	112 0
2773	123 0
2774	119 0
2775	116 0
2776	120 0
2777	120 0
2778	113 0
2779	118 0
2780	120 0
2781	118 0
2782	116 0
2783	112 0
2784	115 0
2785	115 0
2786	113 0
2787	114 0
2788	111 0
2789	112 0
2790	116 0
2791	118 0
2792	123 0
2793	127 0
2794	127 0
2795	123 0
2796	123 0
2797	120 0
2798	118 0
2799	120 0
2800	123 0
2801	122 0
2802	125 0
2803	125 0
2804	128 0
2805	132 0
2806	133 0
2807	136 0
2808	139 0
2809	139 0
2810	137 0
2811	131 0
2812	133 0
2813	130 0
2814	121 0
2815	122 0
2816	104 0
2817	111 0
2818	114 0
2819	109 0
2820	94 0
2821	100 0
2822	109 0
2823	103 0
2824	111 0
2825	112 0
2826	114 0
2827	106 0
2828	101 0
2829	109 0
2830	111 0
2831	102 0
2832	108 0
2833	108 0
2834	113 0
2835	114 0
2836	104 0
2837	110 0
2838	113 0
2839	112 0
2840	111 0
2841	109 0
2842	108 0
2843	110 0
2844	115 0
2845	116 0
2846	114 0
2847	119 0
2848	118 0
2849	112 0
2850	112 0
2851	113 0
2852	110 0
2853	114 0
2854	114 0
2855	113 0
2856	117 0
2857	114 0
2858	117 0
2859	121 0
2860	115 0
2861	117 0
2862	121 0
2863	121 0
2864	121 0
2865	124 0
2866	125 0
2867	127 0
2868	128 0
2869	130 0
2870	130 0
2871	132 0
2872	135 0
2873	137 0
2874	136 0
2875	130 0
2876	126 0
2877	132 0
2878	125 0
2879	120 0
2880	97 0
2881	107 0
2882	103 0
2883	95 0
2884	91 0
2885	97 0
2886	105 0
2887	102 0
2888	110 0
2889	110 0
2890	110 0
2891	100 0
2892	98 0
2893	105 0
2894	114 0
2895	105 0
2896	99 0
2897	104 0
2898	99 0
2899	105 0
2900	110 0
2901	104 0
2902	100 0
2903	106 0
2904	117 0
2905	112 0
2906	109 0
2907	111 0
2908	109 0
2909	108 0
2910	109 0
2911	112 0
2912	115 0
2913	118 0
2914	117 0
2915	112 0
2916	114 0
2917	114 0
2918	111 0
2919	114 0
2920	115 0
2921	110 0
2922	110 0
2923	110 0
2924	112 0
2925	114 0
2926	110 0
2927	115 0
2928	117 0
2929	122 0
2930	118 0
2931	123 0
2932	124 0
2933	126 0
2934	129 0
2935	130 0
2936	136 0
2937	136 0
2938	132 0
2939	133 0
2940	131 0
2941	133 0
2942	137 0
2943	128 0
2944	92 0
2945	98 0
2946	84 0
2947	84 0
2948	93 0
2949	101 0
2950	105 0
2951	104 0
2952	113 0
2953	107 0
2954	106 0
2955	99 0
2956	98 0
2957	103 0
2958	111 0
2959	101 0
2960	96 0
2961	93 0
2962	90 0
2963	102 0
2964	107 0
2965	115 0
2966	116 0
2967	114 0
2968	119 0
2969	115 0
2970	110 0
2971	116 0
2972	120 0
2973	113 0
2974	112 0
2975	111 0
2976	113 0
2977	115 0
2978	112 0
2979	122 0
2980	122 0
2981	119 0
2982	115 0
2983	111 0
2984	109 0
2985	112 0
2986	110 0
2987	111 0
2988	112 0
2989	109 0
2990	112 0
2991	113 0
2992	115 0
2993	118 0
2994	121 0
2995	118 0
2996	123 0
2997	126 0
2998	129 0
2999	129 0
3000	130 0
3001	129 0
3002	132 0
3003	134 0
3004	134 0
3005	135 0
3006	135 0
3007	130 0
3008	95 0
3009	89 0
3010	86 0
3011	93 0
3012	93 0
3013	91 0
3014	102 0
3015	107 0
3016	112 0
3017	109 0
3018	105 0
3019	101 0
3020	102 0
3021	103 0
3022	96 0
3023	103 0
3024	104 0
3025	102 0
3026	102 0
3027	105 0
3028	102 0
3029	106 0
3030	115 0
3031	112 0
3032	114 0
3033	113 0
3034	112 0
3035	114 0
3036	119 0
3037	118 0
3038	113 0
3039	109 0
3040	111 0
3041	108 0
3042	110 0
3043	116 0
3044	118 0
3045	122 0
3046	125 0
3047	118 0
3048	110 0
3049	111 0
3050	116 0
3051	115 0
3052	113 0
3053	115 0
3054	116 0
3055	117 0
3056	114 0
3057	115 0
3058	123 0
3059	122 0
3060	120 0
3061	126 0
3062	126 0
3063	130 0
3064	129 0
3065	129 0
3066	128 0
3067	127 0
3068	136 0
3069	135 0
3070	130 0
3071	131 0
3072	92 0
3073	88 0
3074	86 0
3075	96 0
3076	87 0
3077	92 0
3078	108 0
3079	111 0
3080	110 0
3081	108 0
3082	111 0
3083	108 0
3084	96 0
3085	97 0
3086	86 0
3087	93 0
3088	99 0
3089	105 0
3090	105 0
3091	99 0
3092	104 0
3093	112 0
3094	110 0
3095	110 0
3096	106 0
3097	111 0
3098	110 0
3099	112 0
3100	113 0
3101	116 0
3102	112 0
3103	103 0
3104	107 0
3105	108 0
3106	109 0
3107	108 0
3108	108 0
3109	114 0
3110	114 0
3111	117 0
3112	113 0
3113	108 0
3114	112 0
3115	111 0
3116	113 0
3117	114 0
3118	115 0
3119	118 0
3120	116 0
3121	120 0
3122	124 0
3123	124 0
3124	118 0
3125	116 0
3126	118 0
3127	120 0
3128	123 0
3129	124 0
3130	125 0
3131	121 0
3132	121 0
3133	121 0
3134	128 0
3135	128 0
3136	87 0
3137	89 0
3138	94 0
3139	92 0
3140	96 0
3141	100 0
3142	105 0
3143	106 0
3144	106 0
3145	105 0
3146	105 0
3147	106 0
3148	90 0
3149	96 0
3150	104 0
3151	93 0
3152	97 0
3153	101 0
3154	98 0
3155	102 0
3156	99 0
3157	102 0
3158	107 0
3159	102 0
3160	110 0
3161	112 0
3162	103 0
3163	99 0
3164	111 0
3165	110 0
3166	105 0
3167	111 0
3168	113 0
3169	113 0
3170	108 0
3171	101 0
3172	107 0
3173	115 0
3174	110 0
3175	110 0
3176	108 0
3177	107 0
3178	109 0
3179	111 0
3180	112 0
3181	110 0
3182	108 0
3183	112 0
3184	113 0
3185	112 0
3186	115 0
3187	119 0
3188	115 0
3189	110 0
3190	114 0
3191	115 0
3192	119 0
3193	118 0
3194	117 0
3195	126 0
3196	129 0
3197	124 0
3198	126 0
3199	126 0
3200	87 0
3201	88 0
3202	88 0
3203	84 0
3204	90 0
3205	98 0
3206	97 0
3207	94 0
3208	108 0
3209	109 0
3210	101 0
3211	107 0
3212	103 0
3213	100 0
3214	105 0
3215	97 0
3216	94 0
3217	104 0
3218	106 0
3219	105 0
3220	89 0
3221	85 0
3222	104 0
3223	104 0
3224	102 0
3225	102 0
3226	106 0
3227	109 0
3228	106 0
3229	102 0
3230	109 0
3231	115 0
3232	116 0
3233	107 0
3234	109 0
3235	110 0
3236	109 0
3237	106 0
3238	106 0
3239	104 0
3240	105 0
3241	111 0
3242	110 0
3243	110 0
3244	104 0
3245	106 0
3246	107 0
3247	109 0
3248	111 0
3249	111 0
3250	117 0
3251	111 0
3252	114 0
3253	111 0
3254	110 0
3255	117 0
3256	116 0
3257	114 0
3258	119 0
3259	124 0
3260	130 0
3261	130 0
3262	127 0
3263	122 0
3264	70 0
3265	86 0
3266	87 0
3267	86 0
3268	89 0
3269	89 0
3270	94 0
3271	88 0
3272	101 0
3273	111 0
3274	107 0
3275	104 0
3276	101 0
3277	102 0
3278	101 0
3279	104 0
3280	92 0
3281	91 0
3282	102 0
3283	98 0
3284	92 0
3285	89 0
3286	90 0
3287	94 0
3288	96 0
3289	98 0
3290	104 0
3291	106 0
3292	103 0
3293	109 0
3294	106 0
3295	107 0
3296	110 0
3297	106 0
3298	116 0
3299	116 0
3300	111 0
3301	106 0
3302	93 0
3303	102 0
3304	107 0
3305	100 0
3306	105 0
3307	106 0
3308	105 0
3309	102 0
3310	107 0
3311	109 0
3312	110 0
3313	112 0
3314	114 0
3315	110 0
3316	112 0
3317	107 0
3318	112 0
3319	111 0
3320	112 0
3321	118 0
3322	128 0
3323	127 0
3324	124 0
3325	125 0
3326	124 0
3327	126 0
3328	83 0
3329	94 0
3330	85 0
3331	89 0
3332	88 0
3333	91 0
3334	88 0
3335	91 0
3336	94 0
3337	106 0
3338	100 0
3339	104 0
3340	105 0
3341	101 0
3342	102 0
3343	101 0
3344	92 0
3345	86 0
3346	90 0
3347	88 0
3348	95 0
3349	89 0
3350	81 0
3351	93 0
3352	100 0
3353	104 0
3354	106 0
3355	97 0
3356	107 0
3357	108 0
3358	111 0
3359	115 0
3360	113 0
3361	112 0
3362	115 0
3363	112 0
3364	108 0
3365	106 0
3366	107 0
3367	103 0
3368	101 0
3369	96 0
3370	98 0
3371	99 0
3372	97 0
3373	98 0
3374	95 0
3375	103 0
3376	103 0
3377	101 0
3378	103 0
3379	107 0
3380	109 0
3381	116 0
3382	118 0
3383	119 0
3384	117 0
3385	121 0
3386	118 0
3387	121 0
3388	122 0
3389	125 0
3390	117 0
3391	124 0
3392	89 0
3393	91 0
3394	90 0
3395	86 0
3396	77 0
3397	86 0
3398	93 0
3399	93 0
3400	91 0
3401	88 0
3402	98 0
3403	102 0
3404	102 0
3405	105 0
3406	100 0
3407	95 0
3408	98 0
3409	86 0
3410	87 0
3411	94 0
3412	96 0
3413	96 0
3414	90 0
3415	92 0
3416	102 0
3417	100 0
3418	104 0
3419	102 0
3420	93 0
3421	93 0
3422	111 0
3423	107 0
3424	103 0
3425	105 0
3426	110 0
3427	106 0
3428	101 0
3429	111 0
3430	108 0
3431	108 0
3432	107 0
3433	103 0
3434	107 0
3435	102 0
3436	107 0
3437	102 0
3438	96 0
3439	97 0
3440	103 0
3441	101 0
3442	101 0
3443	106 0
3444	108 0
3445	115 0
3446	116 0
3447	113 0
3448	111 0
3449	115 0
3450	110 0
3451	115 0
3452	118 0
3453	120 0
3454	127 0
3455	125 0
3456	81 0
3457	78 0
3458	81 0
3459	76 0
3460	78 0
3461	83 0
3462	85 0
3463	91 0
3464	86 0
3465	87 0
3466	95 0
3467	104 0
3468	101 0
3469	95 0
3470	97 0
3471	102 0
3472	94 0
3473	87 0
3474	93 0
3475	97 0
3476	98 0
3477	99 0
3478	97 0
3479	90 0
3480	104 0
3481	103 0
3482	93 0
3483	100 0
3484	96 0
3485	86 0
3486	110 0
3487	105 0
3488	104 0
3489	115 0
3490	108 0
3491	99 0
3492	104 0
3493	108 0
3494	106 0
3495	111 0
3496	109 0
3497	104 0
3498	108 0
3499	108 0
3500	103 0
3501	94 0
3502	93 0
3503	97 0
3504	102 0
3505	97 0
3506	108 0
3507	109 0
3508	106 0
3509	110 0
3510	117 0
3511	118 0
3512	114 0
3513	102 0
3514	110 0
3515	119 0
3516	121 0
3517	122 0
3518	125 0
3519	119 0
3520	83 0
3521	77 0
3522	83 0
3523	77 0
3524	80 0
3525	90 0
3526	82 0
3527	83 0
3528	87 0
3529	92 0
3530	93 0
3531	85 0
3532	79 0
3533	85 0
3534	90 0
3535	90 0
3536	92 0
3537	93 0
3538	94 0
3539	101 0
3540	99 0
3541	104 0
3542	89 0
3543	87 0
3544	96 0
3545	95 0
3546	82 0
3547	91 0
3548	99 0
3549	105 0
3550	110 0
3551	107 0
3552	104 0
3553	111 0
3554	107 0
3555	104 0
3556	103 0
3557	100 0
3558	112 0
3559	110 0
3560	105 0
3561	102 0
3562	102 0
3563	104 0
3564	99 0
3565	95 0
3566	98 0
3567	98 0
3568	100 0
3569	108 0
3570	114 0
3571	105 0
3572	108 0
3573	112 0
3574	111 0
3575	111 0
3576	111 0
3577	110 0
3578	110 0
3579	109 0
3580	116 0
3581	116 0
3582	114 0
3583	118 0
3584	80 0
3585	86 0
3586	84 0
3587	84 0
3588	77 0
3589	75 0
3590	78 0
3591	84 0
3592	87 0
3593	81 0
3594	76 0
3595	78 0
3596	82 0
3597	85 0
3598	88 0
3599	91 0
3600	95 0
3601	95 0
3602	95 0
3603	102 0
3604	101 0
3605	101 0
3606	93 0
3607	89 0
3608	89 0
3609	90 0
3610	98 0
3611	96 0
3612	97 0
3613	97 0
3614	99 0
3615	95 0
3616	95 0
3617	103 0
3618	103 0
3619	103 0
3620	101 0
3621	104 0
3622	113 0
3623	107 0
3624	103 0
3625	105 0
3626	104 0
3627	102 0
3628	98 0
3629	102 0
3630	100 0
3631	97 0
3632	104 0
3633	105 0
3634	101 0
3635	102 0
3636	108 0
3637	105 0
3638	101 0
3639	106 0
3640	110 0
3641	111 0
3642	104 0
3643	99 0
3644	112 0
3645	118 0
3646	117 0
3647	121 0
3648	78 0
3649	90 0
3650	83 0
3651	75 0
3652	77 0
3653	83 0
3654	87 0
3655	90 0
3656	89 0
3657	90 0
3658	75 0
3659	87 0
3660	92 0
3661	87 0
3662	90 0
3663	96 0
3664	94 0
3665	90 0
3666	94 0
3667	94 0
3668	97 0
3669	89 0
3670	90 0
3671	90 0
3672	90 0
3673	87 0
3674	90 0
3675	96 0
3676	97 0
3677	99 0
3678	89 0
3679	89 0
3680	89 0
3681	95 0
3682	95 0
3683	96 0
3684	94 0
3685	102 0
3686	104 0
3687	101 0
3688	97 0
3689	95 0
3690	102 0
3691	100 0
3692	102 0
3693	104 0
3694	103 0
3695	97 0
3696	96 0
3697	102 0
3698	105 0
3699	102 0
3700	106 0
3701	104 0
3702	103 0
3703	108 0
3704	96 0
3705	103 0
3706	103 0
3707	103 0
3708	94 0
3709	115 0
3710	119 0
3711	118 0
3712	79 0
3713	82 0
3714	84 0
3715	81 0
3716	88 0
3717	88 0
3718	85 0
3719	85 0
3720	84 0
3721	88 0
3722	88 0
3723	90 0
3724	83 0
3725	93 0
3726	97 0
3727	94 0
3728	92 0
3729	87 0
3730	83 0
3731	86 0
3732	92 0
3733	90 0
3734	92 0
3735	93 0
3736	83 0
3737	81 0
3738	90 0
3739	87 0
3740	89 0
3741	93 0
3742	94 0
3743	91 0
3744	87 0
3745	91 0
3746	92 0
3747	97 0
3748	87 0
3749	95 0
3750	91 0
3751	90 0
3752	101 0
3753	104 0
3754	93 0
3755	98 0
3756	96 0
3757	92 0
3758	91 0
3759	89 0
3760	96 0
3761	89 0
3762	85 0
3763	98 0
3764	100 0
3765	101 0
3766	99 0
3767	101 0
3768	103 0
3769	107 0
3770	108 0
3771	107 0
3772	96 0
3773	109 0
3774	108 0
3775	116 0
3776	84 0
3777	79 0
3778	80 0
3779	77 0
3780	87 0
3781	88 0
3782	91 0
3783	85 0
3784	79 0
3785	83 0
3786	85 0
3787	83 0
3788	82 0
3789	95 0
3790	91 0
3791	87 0
3792	84 0
3793	83 0
3794	85 0
3795	80 0
3796	83 0
3797	90 0
3798	82 0
3799	90 0
3800	71 0
3801	67 0
3802	83 0
3803	77 0
3804	90 0
3805	85 0
3806	89 0
3807	91 0
3808	85 0
3809	85 0
3810	88 0
3811	88 0
3812	75 0
3813	85 0
3814	88 0
3815	85 0
3816	95 0
3817	92 0
3818	95 0
3819	97 0
3820	88 0
3821	87 0
3822	86 0
3823	81 0
3824	90 0
3825	88 0
3826	91 0
3827	95 0
3828	95 0
3829	94 0
3830	97 0
3831	98 0
3832	100 0
3833	102 0
3834	100 0
3835	104 0
3836	100 0
3837	108 0
3838	116 0
3839	114 0
3840	81 0
3841	77 0
3842	82 0
3843	86 0
3844	81 0
3845	83 0
3846	90 0
3847	88 0
3848	86 0
3849	86 0
3850	75 0
3851	79 0
3852	83 0
3853	91 0
3854	83 0
3855	88 0
3856	89 0
3857	84 0
3858	84 0
3859	77 0
3860	84 0
3861	84 0
3862	82 0
3863	82 0
3864	84 0
3865	82 0
3866	69 0
3867	80 0
3868	78 0
3869	81 0
3870	94 0
3871	90 0
3872	93 0
3873	90 0
3874	81 0
3875	87 0
3876	83 0
3877	81 0
3878	88 0
3879	81 0
3880	84 0
3881	83 0
3882	88 0
3883	88 0
3884	84 0
3885	85 0
3886	90 0
3887	90 0
3888	91 0
3889	95 0
3890	87 0
3891	91 0
3892	90 0
3893	87 0
3894	85 0
3895	88 0
3896	97 0
3897	99 0
3898	92 0
3899	95 0
3900	101 0
3901	109 0
3902	114 0
3903	107 0
3904	81 0
3905	76 0
3906	79 0
3907	85 0
3908	93 0
3909	90 0
3910	91 0
3911	89 0
3912	93 0
3913	84 0
3914	79 0
3915	82 0
3916	84 0
3917	87 0
3918	86 0
3919	85 0
3920	89 0
3921	86 0
3922	78 0
3923	81 0
3924	85 0
3925	87 0
3926	76 0
3927	77 0
3928	87 0
3929	84 0
3930	76 0
3931	81 0
3932	72 0
3933	82 0
3934	92 0
3935	98 0
3936	93 0
3937	89 0
3938	87 0
3939	78 0
3940	79 0
3941	97 0
3942	87 0
3943	83 0
3944	87 0
3945	83 0
3946	85 0
3947	82 0
3948	83 0
3949	86 0
3950	89 0
3951	87 0
3952	91 0
3953	90 0
3954	84 0
3955	90 0
3956	89 0
3957	80 0
3958	79 0
3959	91 0
3960	98 0
3961	96 0
3962	95 0
3963	91 0
3964	104 0
3965	101 0
3966	106 0
3967	104 0
3968	75 0
3969	80 0
3970	87 0
3971	75 0
3972	79 0
3973	84 0
3974	86 0
3975	84 0
3976	92 0
3977	82 0
3978	84 0
3979	77 0
3980	77 0
3981	80 0
3982	84 0
3983	80 0
3984	75 0
3985	73 0
3986	78 0
3987	76 0
3988	75 0
3989	84 0
3990	87 0
3991	69 0
3992	70 0
3993	76 0
3994	68 0
3995	66 0
3996	71 0
3997	78 0
3998	72 0
3999	71 0
4000	82 0
4001	83 0
4002	84 0
4003	81 0
4004	70 0
4005	79 0
4006	87 0
4007	92 0
4008	81 0
4009	78 0
4010	87 0
4011	86 0
4012	86 0
4013	82 0
4014	81 0
4015	86 0
4016	81 0
4017	77 0
4018	84 0
4019	86 0
4020	84 0
4021	85 0
4022	85 0
4023	85 0
4024	90 0
4025	87 0
4026	91 0
4027	89 0
4028	91 0
4029	98 0
4030	113 0
4031	115 0
4032	69 0
4033	69 0
4034	68 0
4035	66 0
4036	82 0
4037	86 0
4038	80 0
4039	82 0
4040	82 0
4041	82 0
4042	77 0
4043	77 0
4044	84 0
4045	80 0
4046	78 0
4047	74 0
4048	74 0
4049	74 0
4050	76 0
4051	84 0
4052	75 0
4053	74 0
4054	81 0
4055	70 0
4056	79 0
4057	78 0
4058	67 0
4059	60 0
4060	65 0
4061	72 0
4062	69 0
4063	70 0
4064	78 0
4065	83 0
4066	85 0
4067	76 0
4068	78 0
4069	82 0
4070	77 0
4071	71 0
4072	72 0
4073	74 0
4074	75 0
4075	72 0
4076	78 0
4077	84 0
4078	70 0
4079	71 0
4080	76 0
4081	83 0
4082	85 0
4083	80 0
4084	79 0
4085	86 0
4086	85 0
4087	88 0
4088	86 0
4089	84 0
4090	87 0
4091	92 0
4092	95 0
4093	106 0
4094	100 0
4095	109 0
